0
0
720
0 -1.632063
1 1.632063
2 -1.632063
3 1.632063
4 -1.632063
5 1.632063
6 -1.632063
7 1.632063
8 -1.632063
9 1.632063
10 -1.632063
11 1.632063
12 -1.632063
13 1.632063
14 -1.632063
15 1.632063
16 -1.632063
17 1.632063
18 -1.632063
19 1.632063
20 -1.632063
21 1.632063
22 -1.632063
23 1.632063
24 -1.632063
25 1.632063
26 -1.632063
27 1.632063
28 -1.632063
29 1.632063
30 -1.632063
31 1.632063
32 -1.632063
33 1.632063
34 -1.632063
35 1.632063
36 -1.632063
37 1.632063
38 -1.632063
39 1.632063
40 -1.632063
41 1.632063
42 -1.632063
43 1.632063
44 -1.632063
45 1.632063
46 -1.632063
47 1.632063
48 -1.632063
49 1.632063
50 -1.632063
51 1.632063
52 -1.632063
53 1.632063
54 -1.632063
55 1.632063
56 -1.632063
57 1.632063
58 -1.632063
59 1.632063
60 -1.632063
61 1.632063
62 -1.632063
63 1.632063
64 -1.632063
65 1.632063
66 -1.632063
67 1.632063
68 -1.632063
69 1.632063
70 -1.632063
71 1.632063
72 -1.632063
73 1.632063
74 -1.632063
75 1.632063
76 -1.632063
77 1.632063
78 -1.632063
79 1.632063
80 -1.632063
81 1.632063
82 -1.632063
83 1.632063
84 -1.632063
85 1.632063
86 -1.632063
87 1.632063
88 -1.632063
89 1.632063
90 -1.632063
91 1.632063
92 -1.632063
93 1.632063
94 -1.632063
95 1.632063
96 -1.632063
97 1.632063
98 -1.632063
99 1.632063
100 -1.632063
101 1.632063
102 -1.632063
103 1.632063
104 -1.632063
105 1.632063
106 -1.632063
107 1.632063
108 -1.632063
109 1.632063
110 -1.632063
111 1.632063
112 -1.632063
113 1.632063
114 -1.632063
115 1.632063
116 -1.632063
117 1.632063
118 -1.632063
119 1.632063
120 -1.632063
121 1.632063
122 -1.632063
123 1.632063
124 -1.632063
125 1.632063
126 -1.632063
127 1.632063
128 -1.632063
129 1.632063
130 -1.632063
131 1.632063
132 -1.632063
133 1.632063
134 -1.632063
135 1.632063
136 -1.632063
137 1.632063
138 -1.632063
139 1.632063
140 -1.632063
141 1.632063
142 -1.632063
143 1.632063
144 -1.632063
145 1.632063
146 -1.632063
147 1.632063
148 -1.632063
149 1.632063
150 -1.632063
151 1.632063
152 -1.632063
153 1.632063
154 -1.632063
155 1.632063
156 -1.632063
157 1.632063
158 -1.632063
159 1.632063
160 -1.632063
161 1.632063
162 -1.632063
163 1.632063
164 -1.632063
165 1.632063
166 -1.632063
167 1.632063
168 -1.632063
169 1.632063
170 -1.632063
171 1.632063
172 -1.632063
173 1.632063
174 -1.632063
175 1.632063
176 -1.632063
177 1.632063
178 -1.632063
179 1.632063
180 -1.632063
181 1.632063
182 -1.632063
183 1.632063
184 -1.632063
185 1.632063
186 -1.632063
187 1.632063
188 -1.632063
189 1.632063
190 -1.632063
191 1.632063
192 -1.632063
193 1.632063
194 -1.632063
195 1.632063
196 -1.632063
197 1.632063
198 -1.632063
199 1.632063
200 -1.632063
201 1.632063
202 -1.632063
203 1.632063
204 -1.632063
205 1.632063
206 -1.632063
207 1.632063
208 -1.632063
209 1.632063
210 -1.632063
211 1.632063
212 -1.632063
213 1.632063
214 -1.632063
215 1.632063
216 -1.632063
217 1.632063
218 -1.632063
219 1.632063
220 -1.632063
221 1.632063
222 -1.632063
223 1.632063
224 -1.632063
225 1.632063
226 -1.632063
227 1.632063
228 -1.632063
229 1.632063
230 -1.632063
231 1.632063
232 -1.632063
233 1.632063
234 -1.632063
235 1.632063
236 -1.632063
237 1.632063
238 -1.632063
239 1.632063
240 -1.632063
241 1.632063
242 -1.632063
243 1.632063
244 -1.632063
245 1.632063
246 -1.632063
247 1.632063
248 -1.632063
249 1.632063
250 -1.632063
251 1.632063
252 -1.632063
253 1.632063
254 -1.632063
255 1.632063
256 -1.632063
257 1.632063
258 -1.632063
259 1.632063
260 -1.632063
261 1.632063
262 -1.632063
263 1.632063
264 -1.632063
265 1.632063
266 -1.632063
267 1.632063
268 -1.632063
269 1.632063
270 -1.632063
271 1.632063
272 -1.632063
273 1.632063
274 -1.632063
275 1.632063
276 -1.632063
277 1.632063
278 -1.632063
279 1.632063
280 -1.632063
281 1.632063
282 -1.632063
283 1.632063
284 -1.632063
285 1.632063
286 -1.632063
287 1.632063
288 -1.632063
289 1.632063
290 -1.632063
291 1.632063
292 -1.632063
293 1.632063
294 -1.632063
295 1.632063
296 -1.632063
297 1.632063
298 -1.632063
299 1.632063
300 -1.632063
301 1.632063
302 -1.632063
303 1.632063
304 -1.632063
305 1.632063
306 -1.632063
307 1.632063
308 -1.632063
309 1.632063
310 -1.632063
311 1.632063
312 -1.632063
313 1.632063
314 -1.632063
315 1.632063
316 -1.632063
317 1.632063
318 -1.632063
319 1.632063
320 -1.632063
321 1.632063
322 -1.632063
323 1.632063
324 -1.632063
325 1.632063
326 -1.632063
327 1.632063
328 -1.632063
329 1.632063
330 -1.632063
331 1.632063
332 -1.632063
333 1.632063
334 -1.632063
335 1.632063
336 -1.632063
337 1.632063
338 -1.632063
339 1.632063
340 -1.632063
341 1.632063
342 -1.632063
343 1.632063
344 -1.632063
345 1.632063
346 -1.632063
347 1.632063
348 -1.632063
349 1.632063
350 -1.632063
351 1.632063
352 -1.632063
353 1.632063
354 -1.632063
355 1.632063
356 -1.632063
357 1.632063
358 -1.632063
359 1.632063
360 -1.632063
361 1.632063
362 -1.632063
363 1.632063
364 -1.632063
365 1.632063
366 -1.632063
367 1.632063
368 -1.632063
369 1.632063
370 -1.632063
371 1.632063
372 -1.632063
373 1.632063
374 -1.632063
375 1.632063
376 -1.632063
377 1.632063
378 -1.632063
379 1.632063
380 -1.632063
381 1.632063
382 -1.632063
383 1.632063
384 -1.632063
385 1.632063
386 -1.632063
387 1.632063
388 -1.632063
389 1.632063
390 -1.632063
391 1.632063
392 -1.632063
393 1.632063
394 -1.632063
395 1.632063
396 -1.632063
397 1.632063
398 -1.632063
399 1.632063
400 -1.632063
401 1.632063
402 -1.632063
403 1.632063
404 -1.632063
405 1.632063
406 -1.632063
407 1.632063
408 -1.632063
409 1.632063
410 -1.632063
411 1.632063
412 -1.632063
413 1.632063
414 -1.632063
415 1.632063
416 -1.632063
417 1.632063
418 -1.632063
419 1.632063
420 -1.632063
421 1.632063
422 -1.632063
423 1.632063
424 -1.632063
425 1.632063
426 -1.632063
427 1.632063
428 -1.632063
429 1.632063
430 -1.632063
431 1.632063
432 -1.632063
433 1.632063
434 -1.632063
435 1.632063
436 -1.632063
437 1.632063
438 -1.632063
439 1.632063
440 -1.632063
441 1.632063
442 -1.632063
443 1.632063
444 -1.632063
445 1.632063
446 -1.632063
447 1.632063
448 -1.632063
449 1.632063
450 -1.632063
451 1.632063
452 -1.632063
453 1.632063
454 -1.632063
455 1.632063
456 -1.632063
457 1.632063
458 -1.632063
459 1.632063
460 -1.632063
461 1.632063
462 -1.632063
463 1.632063
464 -1.632063
465 1.632063
466 -1.632063
467 1.632063
468 -1.632063
469 1.632063
470 -1.632063
471 1.632063
472 -1.632063
473 1.632063
474 -1.632063
475 1.632063
476 -1.632063
477 1.632063
478 -1.632063
479 1.632063
480 -1.632063
481 1.632063
482 -1.632063
483 1.632063
484 -1.632063
485 1.632063
486 -1.632063
487 1.632063
488 -1.632063
489 1.632063
490 -1.632063
491 1.632063
492 -1.632063
493 1.632063
494 -1.632063
495 1.632063
496 -1.632063
497 1.632063
498 -1.632063
499 1.632063
500 -1.632063
501 1.632063
502 -1.632063
503 1.632063
504 -1.632063
505 1.632063
506 -1.632063
507 1.632063
508 -1.632063
509 1.632063
510 -1.632063
511 1.632063
512 -1.632063
513 1.632063
514 -1.632063
515 1.632063
516 -1.632063
517 1.632063
518 -1.632063
519 1.632063
520 -1.632063
521 1.632063
522 -1.632063
523 1.632063
524 -1.632063
525 1.632063
526 -1.632063
527 1.632063
528 -1.632063
529 1.632063
530 -1.632063
531 1.632063
532 -1.632063
533 1.632063
534 -1.632063
535 1.632063
536 -1.632063
537 1.632063
538 -1.632063
539 1.632063
540 -1.632063
541 1.632063
542 -1.632063
543 1.632063
544 -1.632063
545 1.632063
546 -1.632063
547 1.632063
548 -1.632063
549 1.632063
550 -1.632063
551 1.632063
552 -1.632063
553 1.632063
554 -1.632063
555 1.632063
556 -1.632063
557 1.632063
558 -1.632063
559 1.632063
560 -1.632063
561 1.632063
562 -1.632063
563 1.632063
564 -1.632063
565 1.632063
566 -1.632063
567 1.632063
568 -1.632063
569 1.632063
570 -1.632063
571 1.632063
572 -1.632063
573 1.632063
574 -1.632063
575 1.632063
576 -1.632063
577 1.632063
578 -1.632063
579 1.632063
580 -1.632063
581 1.632063
582 -1.632063
583 1.632063
584 -1.632063
585 1.632063
586 -1.632063
587 1.632063
588 -1.632063
589 1.632063
590 -1.632063
591 1.632063
592 -1.632063
593 1.632063
594 -1.632063
595 1.632063
596 -1.632063
597 1.632063
598 -1.632063
599 1.632063
600 -1.632063
601 1.632063
602 -1.632063
603 1.632063
604 -1.632063
605 1.632063
606 -1.632063
607 1.632063
608 -1.632063
609 1.632063
610 -1.632063
611 1.632063
612 -1.632063
613 1.632063
614 -1.632063
615 1.632063
616 -1.632063
617 1.632063
618 -1.632063
619 1.632063
620 -1.632063
621 1.632063
622 -1.632063
623 1.632063
624 -1.632063
625 1.632063
626 -1.632063
627 1.632063
628 -1.632063
629 1.632063
630 -1.632063
631 1.632063
632 -1.632063
633 1.632063
634 -1.632063
635 1.632063
636 -1.632063
637 1.632063
638 -1.632063
639 1.632063
640 -1.632063
641 1.632063
642 -1.632063
643 1.632063
644 -1.632063
645 1.632063
646 -1.632063
647 1.632063
648 -1.632063
649 1.632063
650 -1.632063
651 1.632063
652 -1.632063
653 1.632063
654 -1.632063
655 1.632063
656 -1.632063
657 1.632063
658 -1.632063
659 1.632063
660 -1.632063
661 1.632063
662 -1.632063
663 1.632063
664 -1.632063
665 1.632063
666 -1.632063
667 1.632063
668 -1.632063
669 1.632063
670 -1.632063
671 1.632063
672 -1.632063
673 1.632063
674 -1.632063
675 1.632063
676 -1.632063
677 1.632063
678 -1.632063
679 1.632063
680 -1.632063
681 1.632063
682 -1.632063
683 1.632063
684 -1.632063
685 1.632063
686 -1.632063
687 1.632063
688 -1.632063
689 1.632063
690 -1.632063
691 1.632063
692 -1.632063
693 1.632063
694 -1.632063
695 1.632063
696 -1.632063
697 1.632063
698 -1.632063
699 1.632063
700 -1.632063
701 1.632063
702 -1.632063
703 1.632063
704 -1.632063
705 1.632063
706 -1.632063
707 1.632063
708 -1.632063
709 1.632063
710 -1.632063
711 1.632063
712 -1.632063
713 1.632063
714 -1.632063
715 1.632063
716 -1.632063
717 1.632063
718 -1.632063
719 1.632063
