0
0
720
0 -2.517215
1 2.517215
2 -2.517215
3 2.517215
4 -2.517215
5 2.517215
6 -2.517215
7 2.517215
8 -2.517215
9 2.517215
10 -2.517215
11 2.517215
12 -2.517215
13 2.517215
14 -2.517215
15 2.517215
16 -2.517215
17 2.517215
18 -2.517215
19 2.517215
20 -2.517215
21 2.517215
22 -2.517215
23 2.517215
24 -2.517215
25 2.517215
26 -2.517215
27 2.517215
28 -2.517215
29 2.517215
30 -2.517215
31 2.517215
32 -2.517215
33 2.517215
34 -2.517215
35 2.517215
36 -2.517215
37 2.517215
38 -2.517215
39 2.517215
40 -2.517215
41 2.517215
42 -2.517215
43 2.517215
44 -2.517215
45 2.517215
46 -2.517215
47 2.517215
48 -2.517215
49 2.517215
50 -2.517215
51 2.517215
52 -2.517215
53 2.517215
54 -2.517215
55 2.517215
56 -2.517215
57 2.517215
58 -2.517215
59 2.517215
60 -2.517215
61 2.517215
62 -2.517215
63 2.517215
64 -2.517215
65 2.517215
66 -2.517215
67 2.517215
68 -2.517215
69 2.517215
70 -2.517215
71 2.517215
72 -2.517215
73 2.517215
74 -2.517215
75 2.517215
76 -2.517215
77 2.517215
78 -2.517215
79 2.517215
80 -2.517215
81 2.517215
82 -2.517215
83 2.517215
84 -2.517215
85 2.517215
86 -2.517215
87 2.517215
88 -2.517215
89 2.517215
90 -2.517215
91 2.517215
92 -2.517215
93 2.517215
94 -2.517215
95 2.517215
96 -2.517215
97 2.517215
98 -2.517215
99 2.517215
100 -2.517215
101 2.517215
102 -2.517215
103 2.517215
104 -2.517215
105 2.517215
106 -2.517215
107 2.517215
108 -2.517215
109 2.517215
110 -2.517215
111 2.517215
112 -2.517215
113 2.517215
114 -2.517215
115 2.517215
116 -2.517215
117 2.517215
118 -2.517215
119 2.517215
120 -2.517215
121 2.517215
122 -2.517215
123 2.517215
124 -2.517215
125 2.517215
126 -2.517215
127 2.517215
128 -2.517215
129 2.517215
130 -2.517215
131 2.517215
132 -2.517215
133 2.517215
134 -2.517215
135 2.517215
136 -2.517215
137 2.517215
138 -2.517215
139 2.517215
140 -2.517215
141 2.517215
142 -2.517215
143 2.517215
144 -2.517215
145 2.517215
146 -2.517215
147 2.517215
148 -2.517215
149 2.517215
150 -2.517215
151 2.517215
152 -2.517215
153 2.517215
154 -2.517215
155 2.517215
156 -2.517215
157 2.517215
158 -2.517215
159 2.517215
160 -2.517215
161 2.517215
162 -2.517215
163 2.517215
164 -2.517215
165 2.517215
166 -2.517215
167 2.517215
168 -2.517215
169 2.517215
170 -2.517215
171 2.517215
172 -2.517215
173 2.517215
174 -2.517215
175 2.517215
176 -2.517215
177 2.517215
178 -2.517215
179 2.517215
180 -2.517215
181 2.517215
182 -2.517215
183 2.517215
184 -2.517215
185 2.517215
186 -2.517215
187 2.517215
188 -2.517215
189 2.517215
190 -2.517215
191 2.517215
192 -2.517215
193 2.517215
194 -2.517215
195 2.517215
196 -2.517215
197 2.517215
198 -2.517215
199 2.517215
200 -2.517215
201 2.517215
202 -2.517215
203 2.517215
204 -2.517215
205 2.517215
206 -2.517215
207 2.517215
208 -2.517215
209 2.517215
210 -2.517215
211 2.517215
212 -2.517215
213 2.517215
214 -2.517215
215 2.517215
216 -2.517215
217 2.517215
218 -2.517215
219 2.517215
220 -2.517215
221 2.517215
222 -2.517215
223 2.517215
224 -2.517215
225 2.517215
226 -2.517215
227 2.517215
228 -2.517215
229 2.517215
230 -2.517215
231 2.517215
232 -2.517215
233 2.517215
234 -2.517215
235 2.517215
236 -2.517215
237 2.517215
238 -2.517215
239 2.517215
240 -2.517215
241 2.517215
242 -2.517215
243 2.517215
244 -2.517215
245 2.517215
246 -2.517215
247 2.517215
248 -2.517215
249 2.517215
250 -2.517215
251 2.517215
252 -2.517215
253 2.517215
254 -2.517215
255 2.517215
256 -2.517215
257 2.517215
258 -2.517215
259 2.517215
260 -2.517215
261 2.517215
262 -2.517215
263 2.517215
264 -2.517215
265 2.517215
266 -2.517215
267 2.517215
268 -2.517215
269 2.517215
270 -2.517215
271 2.517215
272 -2.517215
273 2.517215
274 -2.517215
275 2.517215
276 -2.517215
277 2.517215
278 -2.517215
279 2.517215
280 -2.517215
281 2.517215
282 -2.517215
283 2.517215
284 -2.517215
285 2.517215
286 -2.517215
287 2.517215
288 -2.517215
289 2.517215
290 -2.517215
291 2.517215
292 -2.517215
293 2.517215
294 -2.517215
295 2.517215
296 -2.517215
297 2.517215
298 -2.517215
299 2.517215
300 -2.517215
301 2.517215
302 -2.517215
303 2.517215
304 -2.517215
305 2.517215
306 -2.517215
307 2.517215
308 -2.517215
309 2.517215
310 -2.517215
311 2.517215
312 -2.517215
313 2.517215
314 -2.517215
315 2.517215
316 -2.517215
317 2.517215
318 -2.517215
319 2.517215
320 -2.517215
321 2.517215
322 -2.517215
323 2.517215
324 -2.517215
325 2.517215
326 -2.517215
327 2.517215
328 -2.517215
329 2.517215
330 -2.517215
331 2.517215
332 -2.517215
333 2.517215
334 -2.517215
335 2.517215
336 -2.517215
337 2.517215
338 -2.517215
339 2.517215
340 -2.517215
341 2.517215
342 -2.517215
343 2.517215
344 -2.517215
345 2.517215
346 -2.517215
347 2.517215
348 -2.517215
349 2.517215
350 -2.517215
351 2.517215
352 -2.517215
353 2.517215
354 -2.517215
355 2.517215
356 -2.517215
357 2.517215
358 -2.517215
359 2.517215
360 -2.517215
361 2.517215
362 -2.517215
363 2.517215
364 -2.517215
365 2.517215
366 -2.517215
367 2.517215
368 -2.517215
369 2.517215
370 -2.517215
371 2.517215
372 -2.517215
373 2.517215
374 -2.517215
375 2.517215
376 -2.517215
377 2.517215
378 -2.517215
379 2.517215
380 -2.517215
381 2.517215
382 -2.517215
383 2.517215
384 -2.517215
385 2.517215
386 -2.517215
387 2.517215
388 -2.517215
389 2.517215
390 -2.517215
391 2.517215
392 -2.517215
393 2.517215
394 -2.517215
395 2.517215
396 -2.517215
397 2.517215
398 -2.517215
399 2.517215
400 -2.517215
401 2.517215
402 -2.517215
403 2.517215
404 -2.517215
405 2.517215
406 -2.517215
407 2.517215
408 -2.517215
409 2.517215
410 -2.517215
411 2.517215
412 -2.517215
413 2.517215
414 -2.517215
415 2.517215
416 -2.517215
417 2.517215
418 -2.517215
419 2.517215
420 -2.517215
421 2.517215
422 -2.517215
423 2.517215
424 -2.517215
425 2.517215
426 -2.517215
427 2.517215
428 -2.517215
429 2.517215
430 -2.517215
431 2.517215
432 -2.517215
433 2.517215
434 -2.517215
435 2.517215
436 -2.517215
437 2.517215
438 -2.517215
439 2.517215
440 -2.517215
441 2.517215
442 -2.517215
443 2.517215
444 -2.517215
445 2.517215
446 -2.517215
447 2.517215
448 -2.517215
449 2.517215
450 -2.517215
451 2.517215
452 -2.517215
453 2.517215
454 -2.517215
455 2.517215
456 -2.517215
457 2.517215
458 -2.517215
459 2.517215
460 -2.517215
461 2.517215
462 -2.517215
463 2.517215
464 -2.517215
465 2.517215
466 -2.517215
467 2.517215
468 -2.517215
469 2.517215
470 -2.517215
471 2.517215
472 -2.517215
473 2.517215
474 -2.517215
475 2.517215
476 -2.517215
477 2.517215
478 -2.517215
479 2.517215
480 -2.517215
481 2.517215
482 -2.517215
483 2.517215
484 -2.517215
485 2.517215
486 -2.517215
487 2.517215
488 -2.517215
489 2.517215
490 -2.517215
491 2.517215
492 -2.517215
493 2.517215
494 -2.517215
495 2.517215
496 -2.517215
497 2.517215
498 -2.517215
499 2.517215
500 -2.517215
501 2.517215
502 -2.517215
503 2.517215
504 -2.517215
505 2.517215
506 -2.517215
507 2.517215
508 -2.517215
509 2.517215
510 -2.517215
511 2.517215
512 -2.517215
513 2.517215
514 -2.517215
515 2.517215
516 -2.517215
517 2.517215
518 -2.517215
519 2.517215
520 -2.517215
521 2.517215
522 -2.517215
523 2.517215
524 -2.517215
525 2.517215
526 -2.517215
527 2.517215
528 -2.517215
529 2.517215
530 -2.517215
531 2.517215
532 -2.517215
533 2.517215
534 -2.517215
535 2.517215
536 -2.517215
537 2.517215
538 -2.517215
539 2.517215
540 -2.517215
541 2.517215
542 -2.517215
543 2.517215
544 -2.517215
545 2.517215
546 -2.517215
547 2.517215
548 -2.517215
549 2.517215
550 -2.517215
551 2.517215
552 -2.517215
553 2.517215
554 -2.517215
555 2.517215
556 -2.517215
557 2.517215
558 -2.517215
559 2.517215
560 -2.517215
561 2.517215
562 -2.517215
563 2.517215
564 -2.517215
565 2.517215
566 -2.517215
567 2.517215
568 -2.517215
569 2.517215
570 -2.517215
571 2.517215
572 -2.517215
573 2.517215
574 -2.517215
575 2.517215
576 -2.517215
577 2.517215
578 -2.517215
579 2.517215
580 -2.517215
581 2.517215
582 -2.517215
583 2.517215
584 -2.517215
585 2.517215
586 -2.517215
587 2.517215
588 -2.517215
589 2.517215
590 -2.517215
591 2.517215
592 -2.517215
593 2.517215
594 -2.517215
595 2.517215
596 -2.517215
597 2.517215
598 -2.517215
599 2.517215
600 -2.517215
601 2.517215
602 -2.517215
603 2.517215
604 -2.517215
605 2.517215
606 -2.517215
607 2.517215
608 -2.517215
609 2.517215
610 -2.517215
611 2.517215
612 -2.517215
613 2.517215
614 -2.517215
615 2.517215
616 -2.517215
617 2.517215
618 -2.517215
619 2.517215
620 -2.517215
621 2.517215
622 -2.517215
623 2.517215
624 -2.517215
625 2.517215
626 -2.517215
627 2.517215
628 -2.517215
629 2.517215
630 -2.517215
631 2.517215
632 -2.517215
633 2.517215
634 -2.517215
635 2.517215
636 -2.517215
637 2.517215
638 -2.517215
639 2.517215
640 -2.517215
641 2.517215
642 -2.517215
643 2.517215
644 -2.517215
645 2.517215
646 -2.517215
647 2.517215
648 -2.517215
649 2.517215
650 -2.517215
651 2.517215
652 -2.517215
653 2.517215
654 -2.517215
655 2.517215
656 -2.517215
657 2.517215
658 -2.517215
659 2.517215
660 -2.517215
661 2.517215
662 -2.517215
663 2.517215
664 -2.517215
665 2.517215
666 -2.517215
667 2.517215
668 -2.517215
669 2.517215
670 -2.517215
671 2.517215
672 -2.517215
673 2.517215
674 -2.517215
675 2.517215
676 -2.517215
677 2.517215
678 -2.517215
679 2.517215
680 -2.517215
681 2.517215
682 -2.517215
683 2.517215
684 -2.517215
685 2.517215
686 -2.517215
687 2.517215
688 -2.517215
689 2.517215
690 -2.517215
691 2.517215
692 -2.517215
693 2.517215
694 -2.517215
695 2.517215
696 -2.517215
697 2.517215
698 -2.517215
699 2.517215
700 -2.517215
701 2.517215
702 -2.517215
703 2.517215
704 -2.517215
705 2.517215
706 -2.517215
707 2.517215
708 -2.517215
709 2.517215
710 -2.517215
711 2.517215
712 -2.517215
713 2.517215
714 -2.517215
715 2.517215
716 -2.517215
717 2.517215
718 -2.517215
719 2.517215
