0
0
1001
0.0 0.0
1.0 5.0
2.0 10.0
3.0 15.0
4.0 20.0
5.0 25.0
6.0 30.0
7.0 35.0
8.0 40.0
9.0 45.0
10.0 50.0
11.0 55.0
12.0 60.0
13.0 65.0
14.0 70.0
15.0 75.0
16.0 80.0
17.0 85.0
18.0 90.0
19.0 95.0
20.0 100.0
21.0 105.0
22.0 110.0
23.0 115.0
24.0 120.0
25.0 125.0
26.0 130.0
27.0 135.0
28.0 140.0
29.0 145.0
30.0 150.0
31.0 155.0
32.0 160.0
33.0 165.0
34.0 170.0
35.0 175.0
36.0 180.0
37.0 185.0
38.0 190.0
39.0 195.0
40.0 200.0
41.0 205.0
42.0 210.0
43.0 215.0
44.0 220.0
45.0 225.0
46.0 230.0
47.0 235.0
48.0 240.0
49.0 245.0
50.0 250.0
51.0 255.0
52.0 260.0
53.0 265.0
54.0 270.0
55.0 275.0
56.0 280.0
57.0 285.0
58.0 290.0
59.0 295.0
60.0 300.0
61.0 305.0
62.0 310.0
63.0 315.0
64.0 320.0
65.0 325.0
66.0 330.0
67.0 335.0
68.0 340.0
69.0 345.0
70.0 350.0
71.0 355.0
72.0 360.0
73.0 365.0
74.0 370.0
75.0 375.0
76.0 380.0
77.0 385.0
78.0 390.0
79.0 395.0
80.0 400.0
81.0 405.0
82.0 410.0
83.0 415.0
84.0 420.0
85.0 425.0
86.0 430.0
87.0 435.0
88.0 440.0
89.0 445.0
90.0 450.0
91.0 455.0
92.0 460.0
93.0 465.0
94.0 470.0
95.0 475.0
96.0 480.0
97.0 485.0
98.0 490.0
99.0 495.0
100.0 500.0
101.0 505.0
102.0 510.0
103.0 515.0
104.0 520.0
105.0 525.0
106.0 530.0
107.0 535.0
108.0 540.0
109.0 545.0
110.0 550.0
111.0 555.0
112.0 560.0
113.0 565.0
114.0 570.0
115.0 575.0
116.0 580.0
117.0 585.0
118.0 590.0
119.0 595.0
120.0 600.0
121.0 605.0
122.0 610.0
123.0 615.0
124.0 620.0
125.0 625.0
126.0 630.0
127.0 635.0
128.0 640.0
129.0 645.0
130.0 650.0
131.0 655.0
132.0 660.0
133.0 665.0
134.0 670.0
135.0 675.0
136.0 680.0
137.0 685.0
138.0 690.0
139.0 695.0
140.0 700.0
141.0 705.0
142.0 710.0
143.0 715.0
144.0 720.0
145.0 725.0
146.0 730.0
147.0 735.0
148.0 740.0
149.0 745.0
150.0 750.0
151.0 755.0
152.0 760.0
153.0 765.0
154.0 770.0
155.0 775.0
156.0 780.0
157.0 785.0
158.0 790.0
159.0 795.0
160.0 800.0
161.0 805.0
162.0 810.0
163.0 815.0
164.0 820.0
165.0 825.0
166.0 830.0
167.0 835.0
168.0 840.0
169.0 845.0
170.0 850.0
171.0 855.0
172.0 860.0
173.0 865.0
174.0 870.0
175.0 875.0
176.0 880.0
177.0 885.0
178.0 890.0
179.0 895.0
180.0 900.0
181.0 905.0
182.0 910.0
183.0 915.0
184.0 920.0
185.0 925.0
186.0 930.0
187.0 935.0
188.0 940.0
189.0 945.0
190.0 950.0
191.0 955.0
192.0 960.0
193.0 965.0
194.0 970.0
195.0 975.0
196.0 980.0
197.0 985.0
198.0 990.0
199.0 995.0
200.0 1000.0
201.0 1005.0
202.0 1010.0
203.0 1015.0
204.0 1020.0
205.0 1025.0
206.0 1030.0
207.0 1035.0
208.0 1040.0
209.0 1045.0
210.0 1050.0
211.0 1055.0
212.0 1060.0
213.0 1065.0
214.0 1070.0
215.0 1075.0
216.0 1080.0
217.0 1085.0
218.0 1090.0
219.0 1095.0
220.0 1100.0
221.0 1105.0
222.0 1110.0
223.0 1115.0
224.0 1120.0
225.0 1125.0
226.0 1130.0
227.0 1135.0
228.0 1140.0
229.0 1145.0
230.0 1150.0
231.0 1155.0
232.0 1160.0
233.0 1165.0
234.0 1170.0
235.0 1175.0
236.0 1180.0
237.0 1185.0
238.0 1190.0
239.0 1195.0
240.0 1200.0
241.0 1205.0
242.0 1210.0
243.0 1215.0
244.0 1220.0
245.0 1225.0
246.0 1230.0
247.0 1235.0
248.0 1240.0
249.0 1245.0
250.0 1250.0
251.0 1255.0
252.0 1260.0
253.0 1265.0
254.0 1270.0
255.0 1275.0
256.0 1280.0
257.0 1285.0
258.0 1290.0
259.0 1295.0
260.0 1300.0
261.0 1305.0
262.0 1310.0
263.0 1315.0
264.0 1320.0
265.0 1325.0
266.0 1330.0
267.0 1335.0
268.0 1340.0
269.0 1345.0
270.0 1350.0
271.0 1355.0
272.0 1360.0
273.0 1365.0
274.0 1370.0
275.0 1375.0
276.0 1380.0
277.0 1385.0
278.0 1390.0
279.0 1395.0
280.0 1400.0
281.0 1405.0
282.0 1410.0
283.0 1415.0
284.0 1420.0
285.0 1425.0
286.0 1430.0
287.0 1435.0
288.0 1440.0
289.0 1445.0
290.0 1450.0
291.0 1455.0
292.0 1460.0
293.0 1465.0
294.0 1470.0
295.0 1475.0
296.0 1480.0
297.0 1485.0
298.0 1490.0
299.0 1495.0
300.0 1500.0
301.0 1505.0
302.0 1510.0
303.0 1515.0
304.0 1520.0
305.0 1525.0
306.0 1530.0
307.0 1535.0
308.0 1540.0
309.0 1545.0
310.0 1550.0
311.0 1555.0
312.0 1560.0
313.0 1565.0
314.0 1570.0
315.0 1575.0
316.0 1580.0
317.0 1585.0
318.0 1590.0
319.0 1595.0
320.0 1600.0
321.0 1605.0
322.0 1610.0
323.0 1615.0
324.0 1620.0
325.0 1625.0
326.0 1630.0
327.0 1635.0
328.0 1640.0
329.0 1645.0
330.0 1650.0
331.0 1655.0
332.0 1660.0
333.0 1665.0
334.0 1670.0
335.0 1675.0
336.0 1680.0
337.0 1685.0
338.0 1690.0
339.0 1695.0
340.0 1700.0
341.0 1705.0
342.0 1710.0
343.0 1715.0
344.0 1720.0
345.0 1725.0
346.0 1730.0
347.0 1735.0
348.0 1740.0
349.0 1745.0
350.0 1750.0
351.0 1755.0
352.0 1760.0
353.0 1765.0
354.0 1770.0
355.0 1775.0
356.0 1780.0
357.0 1785.0
358.0 1790.0
359.0 1795.0
360.0 1800.0
361.0 1805.0
362.0 1810.0
363.0 1815.0
364.0 1820.0
365.0 1825.0
366.0 1830.0
367.0 1835.0
368.0 1840.0
369.0 1845.0
370.0 1850.0
371.0 1855.0
372.0 1860.0
373.0 1865.0
374.0 1870.0
375.0 1875.0
376.0 1880.0
377.0 1885.0
378.0 1890.0
379.0 1895.0
380.0 1900.0
381.0 1905.0
382.0 1910.0
383.0 1915.0
384.0 1920.0
385.0 1925.0
386.0 1930.0
387.0 1935.0
388.0 1940.0
389.0 1945.0
390.0 1950.0
391.0 1955.0
392.0 1960.0
393.0 1965.0
394.0 1970.0
395.0 1975.0
396.0 1980.0
397.0 1985.0
398.0 1990.0
399.0 1995.0
400.0 2000.0
401.0 2005.0
402.0 2010.0
403.0 2015.0
404.0 2020.0
405.0 2025.0
406.0 2030.0
407.0 2035.0
408.0 2040.0
409.0 2045.0
410.0 2050.0
411.0 2055.0
412.0 2060.0
413.0 2065.0
414.0 2070.0
415.0 2075.0
416.0 2080.0
417.0 2085.0
418.0 2090.0
419.0 2095.0
420.0 2100.0
421.0 2105.0
422.0 2110.0
423.0 2115.0
424.0 2120.0
425.0 2125.0
426.0 2130.0
427.0 2135.0
428.0 2140.0
429.0 2145.0
430.0 2150.0
431.0 2155.0
432.0 2160.0
433.0 2165.0
434.0 2170.0
435.0 2175.0
436.0 2180.0
437.0 2185.0
438.0 2190.0
439.0 2195.0
440.0 2200.0
441.0 2205.0
442.0 2210.0
443.0 2215.0
444.0 2220.0
445.0 2225.0
446.0 2230.0
447.0 2235.0
448.0 2240.0
449.0 2245.0
450.0 2250.0
451.0 2255.0
452.0 2260.0
453.0 2265.0
454.0 2270.0
455.0 2275.0
456.0 2280.0
457.0 2285.0
458.0 2290.0
459.0 2295.0
460.0 2300.0
461.0 2305.0
462.0 2310.0
463.0 2315.0
464.0 2320.0
465.0 2325.0
466.0 2330.0
467.0 2335.0
468.0 2340.0
469.0 2345.0
470.0 2350.0
471.0 2355.0
472.0 2360.0
473.0 2365.0
474.0 2370.0
475.0 2375.0
476.0 2380.0
477.0 2385.0
478.0 2390.0
479.0 2395.0
480.0 2400.0
481.0 2405.0
482.0 2410.0
483.0 2415.0
484.0 2420.0
485.0 2425.0
486.0 2430.0
487.0 2435.0
488.0 2440.0
489.0 2445.0
490.0 2450.0
491.0 2455.0
492.0 2460.0
493.0 2465.0
494.0 2470.0
495.0 2475.0
496.0 2480.0
497.0 2485.0
498.0 2490.0
499.0 2495.0
500.0 2500.0
501.0 2505.0
502.0 2510.0
503.0 2515.0
504.0 2520.0
505.0 2525.0
506.0 2530.0
507.0 2535.0
508.0 2540.0
509.0 2545.0
510.0 2550.0
511.0 2555.0
512.0 2560.0
513.0 2565.0
514.0 2570.0
515.0 2575.0
516.0 2580.0
517.0 2585.0
518.0 2590.0
519.0 2595.0
520.0 2600.0
521.0 2605.0
522.0 2610.0
523.0 2615.0
524.0 2620.0
525.0 2625.0
526.0 2630.0
527.0 2635.0
528.0 2640.0
529.0 2645.0
530.0 2650.0
531.0 2655.0
532.0 2660.0
533.0 2665.0
534.0 2670.0
535.0 2675.0
536.0 2680.0
537.0 2685.0
538.0 2690.0
539.0 2695.0
540.0 2700.0
541.0 2705.0
542.0 2710.0
543.0 2715.0
544.0 2720.0
545.0 2725.0
546.0 2730.0
547.0 2735.0
548.0 2740.0
549.0 2745.0
550.0 2750.0
551.0 2755.0
552.0 2760.0
553.0 2765.0
554.0 2770.0
555.0 2775.0
556.0 2780.0
557.0 2785.0
558.0 2790.0
559.0 2795.0
560.0 2800.0
561.0 2805.0
562.0 2810.0
563.0 2815.0
564.0 2820.0
565.0 2825.0
566.0 2830.0
567.0 2835.0
568.0 2840.0
569.0 2845.0
570.0 2850.0
571.0 2855.0
572.0 2860.0
573.0 2865.0
574.0 2870.0
575.0 2875.0
576.0 2880.0
577.0 2885.0
578.0 2890.0
579.0 2895.0
580.0 2900.0
581.0 2905.0
582.0 2910.0
583.0 2915.0
584.0 2920.0
585.0 2925.0
586.0 2930.0
587.0 2935.0
588.0 2940.0
589.0 2945.0
590.0 2950.0
591.0 2955.0
592.0 2960.0
593.0 2965.0
594.0 2970.0
595.0 2975.0
596.0 2980.0
597.0 2985.0
598.0 2990.0
599.0 2995.0
600.0 3000.0
601.0 3005.0
602.0 3010.0
603.0 3015.0
604.0 3020.0
605.0 3025.0
606.0 3030.0
607.0 3035.0
608.0 3040.0
609.0 3045.0
610.0 3050.0
611.0 3055.0
612.0 3060.0
613.0 3065.0
614.0 3070.0
615.0 3075.0
616.0 3080.0
617.0 3085.0
618.0 3090.0
619.0 3095.0
620.0 3100.0
621.0 3105.0
622.0 3110.0
623.0 3115.0
624.0 3120.0
625.0 3125.0
626.0 3130.0
627.0 3135.0
628.0 3140.0
629.0 3145.0
630.0 3150.0
631.0 3155.0
632.0 3160.0
633.0 3165.0
634.0 3170.0
635.0 3175.0
636.0 3180.0
637.0 3185.0
638.0 3190.0
639.0 3195.0
640.0 3200.0
641.0 3205.0
642.0 3210.0
643.0 3215.0
644.0 3220.0
645.0 3225.0
646.0 3230.0
647.0 3235.0
648.0 3240.0
649.0 3245.0
650.0 3250.0
651.0 3255.0
652.0 3260.0
653.0 3265.0
654.0 3270.0
655.0 3275.0
656.0 3280.0
657.0 3285.0
658.0 3290.0
659.0 3295.0
660.0 3300.0
661.0 3305.0
662.0 3310.0
663.0 3315.0
664.0 3320.0
665.0 3325.0
666.0 3330.0
667.0 3335.0
668.0 3340.0
669.0 3345.0
670.0 3350.0
671.0 3355.0
672.0 3360.0
673.0 3365.0
674.0 3370.0
675.0 3375.0
676.0 3380.0
677.0 3385.0
678.0 3390.0
679.0 3395.0
680.0 3400.0
681.0 3405.0
682.0 3410.0
683.0 3415.0
684.0 3420.0
685.0 3425.0
686.0 3430.0
687.0 3435.0
688.0 3440.0
689.0 3445.0
690.0 3450.0
691.0 3455.0
692.0 3460.0
693.0 3465.0
694.0 3470.0
695.0 3475.0
696.0 3480.0
697.0 3485.0
698.0 3490.0
699.0 3495.0
700.0 3500.0
701.0 3505.0
702.0 3510.0
703.0 3515.0
704.0 3520.0
705.0 3525.0
706.0 3530.0
707.0 3535.0
708.0 3540.0
709.0 3545.0
710.0 3550.0
711.0 3555.0
712.0 3560.0
713.0 3565.0
714.0 3570.0
715.0 3575.0
716.0 3580.0
717.0 3585.0
718.0 3590.0
719.0 3595.0
720.0 3600.0
721.0 3605.0
722.0 3610.0
723.0 3615.0
724.0 3620.0
725.0 3625.0
726.0 3630.0
727.0 3635.0
728.0 3640.0
729.0 3645.0
730.0 3650.0
731.0 3655.0
732.0 3660.0
733.0 3665.0
734.0 3670.0
735.0 3675.0
736.0 3680.0
737.0 3685.0
738.0 3690.0
739.0 3695.0
740.0 3700.0
741.0 3705.0
742.0 3710.0
743.0 3715.0
744.0 3720.0
745.0 3725.0
746.0 3730.0
747.0 3735.0
748.0 3740.0
749.0 3745.0
750.0 3750.0
751.0 3755.0
752.0 3760.0
753.0 3765.0
754.0 3770.0
755.0 3775.0
756.0 3780.0
757.0 3785.0
758.0 3790.0
759.0 3795.0
760.0 3800.0
761.0 3805.0
762.0 3810.0
763.0 3815.0
764.0 3820.0
765.0 3825.0
766.0 3830.0
767.0 3835.0
768.0 3840.0
769.0 3845.0
770.0 3850.0
771.0 3855.0
772.0 3860.0
773.0 3865.0
774.0 3870.0
775.0 3875.0
776.0 3880.0
777.0 3885.0
778.0 3890.0
779.0 3895.0
780.0 3900.0
781.0 3905.0
782.0 3910.0
783.0 3915.0
784.0 3920.0
785.0 3925.0
786.0 3930.0
787.0 3935.0
788.0 3940.0
789.0 3945.0
790.0 3950.0
791.0 3955.0
792.0 3960.0
793.0 3965.0
794.0 3970.0
795.0 3975.0
796.0 3980.0
797.0 3985.0
798.0 3990.0
799.0 3995.0
800.0 4000.0
801.0 4005.0
802.0 4010.0
803.0 4015.0
804.0 4020.0
805.0 4025.0
806.0 4030.0
807.0 4035.0
808.0 4040.0
809.0 4045.0
810.0 4050.0
811.0 4055.0
812.0 4060.0
813.0 4065.0
814.0 4070.0
815.0 4075.0
816.0 4080.0
817.0 4085.0
818.0 4090.0
819.0 4095.0
820.0 4100.0
821.0 4105.0
822.0 4110.0
823.0 4115.0
824.0 4120.0
825.0 4125.0
826.0 4130.0
827.0 4135.0
828.0 4140.0
829.0 4145.0
830.0 4150.0
831.0 4155.0
832.0 4160.0
833.0 4165.0
834.0 4170.0
835.0 4175.0
836.0 4180.0
837.0 4185.0
838.0 4190.0
839.0 4195.0
840.0 4200.0
841.0 4205.0
842.0 4210.0
843.0 4215.0
844.0 4220.0
845.0 4225.0
846.0 4230.0
847.0 4235.0
848.0 4240.0
849.0 4245.0
850.0 4250.0
851.0 4255.0
852.0 4260.0
853.0 4265.0
854.0 4270.0
855.0 4275.0
856.0 4280.0
857.0 4285.0
858.0 4290.0
859.0 4295.0
860.0 4300.0
861.0 4305.0
862.0 4310.0
863.0 4315.0
864.0 4320.0
865.0 4325.0
866.0 4330.0
867.0 4335.0
868.0 4340.0
869.0 4345.0
870.0 4350.0
871.0 4355.0
872.0 4360.0
873.0 4365.0
874.0 4370.0
875.0 4375.0
876.0 4380.0
877.0 4385.0
878.0 4390.0
879.0 4395.0
880.0 4400.0
881.0 4405.0
882.0 4410.0
883.0 4415.0
884.0 4420.0
885.0 4425.0
886.0 4430.0
887.0 4435.0
888.0 4440.0
889.0 4445.0
890.0 4450.0
891.0 4455.0
892.0 4460.0
893.0 4465.0
894.0 4470.0
895.0 4475.0
896.0 4480.0
897.0 4485.0
898.0 4490.0
899.0 4495.0
900.0 4500.0
901.0 4505.0
902.0 4510.0
903.0 4515.0
904.0 4520.0
905.0 4525.0
906.0 4530.0
907.0 4535.0
908.0 4540.0
909.0 4545.0
910.0 4550.0
911.0 4555.0
912.0 4560.0
913.0 4565.0
914.0 4570.0
915.0 4575.0
916.0 4580.0
917.0 4585.0
918.0 4590.0
919.0 4595.0
920.0 4600.0
921.0 4605.0
922.0 4610.0
923.0 4615.0
924.0 4620.0
925.0 4625.0
926.0 4630.0
927.0 4635.0
928.0 4640.0
929.0 4645.0
930.0 4650.0
931.0 4655.0
932.0 4660.0
933.0 4665.0
934.0 4670.0
935.0 4675.0
936.0 4680.0
937.0 4685.0
938.0 4690.0
939.0 4695.0
940.0 4700.0
941.0 4705.0
942.0 4710.0
943.0 4715.0
944.0 4720.0
945.0 4725.0
946.0 4730.0
947.0 4735.0
948.0 4740.0
949.0 4745.0
950.0 4750.0
951.0 4755.0
952.0 4760.0
953.0 4765.0
954.0 4770.0
955.0 4775.0
956.0 4780.0
957.0 4785.0
958.0 4790.0
959.0 4795.0
960.0 4800.0
961.0 4805.0
962.0 4810.0
963.0 4815.0
964.0 4820.0
965.0 4825.0
966.0 4830.0
967.0 4835.0
968.0 4840.0
969.0 4845.0
970.0 4850.0
971.0 4855.0
972.0 4860.0
973.0 4865.0
974.0 4870.0
975.0 4875.0
976.0 4880.0
977.0 4885.0
978.0 4890.0
979.0 4895.0
980.0 4900.0
981.0 4905.0
982.0 4910.0
983.0 4915.0
984.0 4920.0
985.0 4925.0
986.0 4930.0
987.0 4935.0
988.0 4940.0
989.0 4945.0
990.0 4950.0
991.0 4955.0
992.0 4960.0
993.0 4965.0
994.0 4970.0
995.0 4975.0
996.0 4980.0
997.0 4985.0
998.0 4990.0
999.0 4995.0
1000.0 5000.0
