0
0
1001

0.0 0
1.0 1
2.0 3
3.0 6
4.0 10
5.0 15
6.0 21
7.0 28
8.0 36
9.0 45
10.0 55
11.0 66
12.0 78
13.0 91
14.0 105
15.0 120
16.0 136
17.0 153
18.0 171
19.0 190
20.0 210
21.0 231
22.0 253
23.0 276
24.0 300
25.0 325
26.0 351
27.0 378
28.0 406
29.0 435
30.0 465
31.0 496
32.0 528
33.0 561
34.0 595
35.0 630
36.0 666
37.0 703
38.0 741
39.0 780
40.0 820
41.0 861
42.0 903
43.0 946
44.0 990
45.0 1035
46.0 1081
47.0 1128
48.0 1176
49.0 1225
50.0 1275
51.0 1326
52.0 1378
53.0 1431
54.0 1485
55.0 1540
56.0 1596
57.0 1653
58.0 1711
59.0 1770
60.0 1830
61.0 1891
62.0 1953
63.0 2016
64.0 2080
65.0 2145
66.0 2211
67.0 2278
68.0 2346
69.0 2415
70.0 2485
71.0 2556
72.0 2628
73.0 2701
74.0 2775
75.0 2850
76.0 2926
77.0 3003
78.0 3081
79.0 3160
80.0 3240
81.0 3321
82.0 3403
83.0 3486
84.0 3570
85.0 3655
86.0 3741
87.0 3828
88.0 3916
89.0 4005
90.0 4095
91.0 4186
92.0 4278
93.0 4371
94.0 4465
95.0 4560
96.0 4656
97.0 4753
98.0 4851
99.0 4950
100.0 5050
101.0 5151
102.0 5253
103.0 5356
104.0 5460
105.0 5565
106.0 5671
107.0 5778
108.0 5886
109.0 5995
110.0 6105
111.0 6216
112.0 6328
113.0 6441
114.0 6555
115.0 6670
116.0 6786
117.0 6903
118.0 7021
119.0 7140
120.0 7260
121.0 7381
122.0 7503
123.0 7626
124.0 7750
125.0 7875
126.0 8001
127.0 8128
128.0 8256
129.0 8385
130.0 8515
131.0 8646
132.0 8778
133.0 8911
134.0 9045
135.0 9180
136.0 9316
137.0 9453
138.0 9591
139.0 9730
140.0 9870
141.0 10011
142.0 10153
143.0 10296
144.0 10440
145.0 10585
146.0 10731
147.0 10878
148.0 11026
149.0 11175
150.0 11325
151.0 11476
152.0 11628
153.0 11781
154.0 11935
155.0 12090
156.0 12246
157.0 12403
158.0 12561
159.0 12720
160.0 12880
161.0 13041
162.0 13203
163.0 13366
164.0 13530
165.0 13695
166.0 13861
167.0 14028
168.0 14196
169.0 14365
170.0 14535
171.0 14706
172.0 14878
173.0 15051
174.0 15225
175.0 15400
176.0 15576
177.0 15753
178.0 15931
179.0 16110
180.0 16290
181.0 16471
182.0 16653
183.0 16836
184.0 17020
185.0 17205
186.0 17391
187.0 17578
188.0 17766
189.0 17955
190.0 18145
191.0 18336
192.0 18528
193.0 18721
194.0 18915
195.0 19110
196.0 19306
197.0 19503
198.0 19701
199.0 19900
200.0 20100
201.0 20301
202.0 20503
203.0 20706
204.0 20910
205.0 21115
206.0 21321
207.0 21528
208.0 21736
209.0 21945
210.0 22155
211.0 22366
212.0 22578
213.0 22791
214.0 23005
215.0 23220
216.0 23436
217.0 23653
218.0 23871
219.0 24090
220.0 24310
221.0 24531
222.0 24753
223.0 24976
224.0 25200
225.0 25425
226.0 25651
227.0 25878
228.0 26106
229.0 26335
230.0 26565
231.0 26796
232.0 27028
233.0 27261
234.0 27495
235.0 27730
236.0 27966
237.0 28203
238.0 28441
239.0 28680
240.0 28920
241.0 29161
242.0 29403
243.0 29646
244.0 29890
245.0 30135
246.0 30381
247.0 30628
248.0 30876
249.0 31125
250.0 31375
251.0 31626
252.0 31878
253.0 32131
254.0 32385
255.0 32640
256.0 32896
257.0 33153
258.0 33411
259.0 33670
260.0 33930
261.0 34191
262.0 34453
263.0 34716
264.0 34980
265.0 35245
266.0 35511
267.0 35778
268.0 36046
269.0 36315
270.0 36585
271.0 36856
272.0 37128
273.0 37401
274.0 37675
275.0 37950
276.0 38226
277.0 38503
278.0 38781
279.0 39060
280.0 39340
281.0 39621
282.0 39903
283.0 40186
284.0 40470
285.0 40755
286.0 41041
287.0 41328
288.0 41616
289.0 41905
290.0 42195
291.0 42486
292.0 42778
293.0 43071
294.0 43365
295.0 43660
296.0 43956
297.0 44253
298.0 44551
299.0 44850
300.0 45150
301.0 45451
302.0 45753
303.0 46056
304.0 46360
305.0 46665
306.0 46971
307.0 47278
308.0 47586
309.0 47895
310.0 48205
311.0 48516
312.0 48828
313.0 49141
314.0 49455
315.0 49770
316.0 50086
317.0 50403
318.0 50721
319.0 51040
320.0 51360
321.0 51681
322.0 52003
323.0 52326
324.0 52650
325.0 52975
326.0 53301
327.0 53628
328.0 53956
329.0 54285
330.0 54615
331.0 54946
332.0 55278
333.0 55611
334.0 55945
335.0 56280
336.0 56616
337.0 56953
338.0 57291
339.0 57630
340.0 57970
341.0 58311
342.0 58653
343.0 58996
344.0 59340
345.0 59685
346.0 60031
347.0 60378
348.0 60726
349.0 61075
350.0 61425
351.0 61776
352.0 62128
353.0 62481
354.0 62835
355.0 63190
356.0 63546
357.0 63903
358.0 64261
359.0 64620
360.0 64980
361.0 65341
362.0 65703
363.0 66066
364.0 66430
365.0 66795
366.0 67161
367.0 67528
368.0 67896
369.0 68265
370.0 68635
371.0 69006
372.0 69378
373.0 69751
374.0 70125
375.0 70500
376.0 70876
377.0 71253
378.0 71631
379.0 72010
380.0 72390
381.0 72771
382.0 73153
383.0 73536
384.0 73920
385.0 74305
386.0 74691
387.0 75078
388.0 75466
389.0 75855
390.0 76245
391.0 76636
392.0 77028
393.0 77421
394.0 77815
395.0 78210
396.0 78606
397.0 79003
398.0 79401
399.0 79800
400.0 80200
401.0 80601
402.0 81003
403.0 81406
404.0 81810
405.0 82215
406.0 82621
407.0 83028
408.0 83436
409.0 83845
410.0 84255
411.0 84666
412.0 85078
413.0 85491
414.0 85905
415.0 86320
416.0 86736
417.0 87153
418.0 87571
419.0 87990
420.0 88410
421.0 88831
422.0 89253
423.0 89676
424.0 90100
425.0 90525
426.0 90951
427.0 91378
428.0 91806
429.0 92235
430.0 92665
431.0 93096
432.0 93528
433.0 93961
434.0 94395
435.0 94830
436.0 95266
437.0 95703
438.0 96141
439.0 96580
440.0 97020
441.0 97461
442.0 97903
443.0 98346
444.0 98790
445.0 99235
446.0 99681
447.0 100128
448.0 100576
449.0 101025
450.0 101475
451.0 101926
452.0 102378
453.0 102831
454.0 103285
455.0 103740
456.0 104196
457.0 104653
458.0 105111
459.0 105570
460.0 106030
461.0 106491
462.0 106953
463.0 107416
464.0 107880
465.0 108345
466.0 108811
467.0 109278
468.0 109746
469.0 110215
470.0 110685
471.0 111156
472.0 111628
473.0 112101
474.0 112575
475.0 113050
476.0 113526
477.0 114003
478.0 114481
479.0 114960
480.0 115440
481.0 115921
482.0 116403
483.0 116886
484.0 117370
485.0 117855
486.0 118341
487.0 118828
488.0 119316
489.0 119805
490.0 120295
491.0 120786
492.0 121278
493.0 121771
494.0 122265
495.0 122760
496.0 123256
497.0 123753
498.0 124251
499.0 124750
500.0 125250
501.0 125751
502.0 126253
503.0 126756
504.0 127260
505.0 127765
506.0 128271
507.0 128778
508.0 129286
509.0 129795
510.0 130305
511.0 130816
512.0 131328
513.0 131841
514.0 132355
515.0 132870
516.0 133386
517.0 133903
518.0 134421
519.0 134940
520.0 135460
521.0 135981
522.0 136503
523.0 137026
524.0 137550
525.0 138075
526.0 138601
527.0 139128
528.0 139656
529.0 140185
530.0 140715
531.0 141246
532.0 141778
533.0 142311
534.0 142845
535.0 143380
536.0 143916
537.0 144453
538.0 144991
539.0 145530
540.0 146070
541.0 146611
542.0 147153
543.0 147696
544.0 148240
545.0 148785
546.0 149331
547.0 149878
548.0 150426
549.0 150975
550.0 151525
551.0 152076
552.0 152628
553.0 153181
554.0 153735
555.0 154290
556.0 154846
557.0 155403
558.0 155961
559.0 156520
560.0 157080
561.0 157641
562.0 158203
563.0 158766
564.0 159330
565.0 159895
566.0 160461
567.0 161028
568.0 161596
569.0 162165
570.0 162735
571.0 163306
572.0 163878
573.0 164451
574.0 165025
575.0 165600
576.0 166176
577.0 166753
578.0 167331
579.0 167910
580.0 168490
581.0 169071
582.0 169653
583.0 170236
584.0 170820
585.0 171405
586.0 171991
587.0 172578
588.0 173166
589.0 173755
590.0 174345
591.0 174936
592.0 175528
593.0 176121
594.0 176715
595.0 177310
596.0 177906
597.0 178503
598.0 179101
599.0 179700
600.0 180300
601.0 180901
602.0 181503
603.0 182106
604.0 182710
605.0 183315
606.0 183921
607.0 184528
608.0 185136
609.0 185745
610.0 186355
611.0 186966
612.0 187578
613.0 188191
614.0 188805
615.0 189420
616.0 190036
617.0 190653
618.0 191271
619.0 191890
620.0 192510
621.0 193131
622.0 193753
623.0 194376
624.0 195000
625.0 195625
626.0 196251
627.0 196878
628.0 197506
629.0 198135
630.0 198765
631.0 199396
632.0 200028
633.0 200661
634.0 201295
635.0 201930
636.0 202566
637.0 203203
638.0 203841
639.0 204480
640.0 205120
641.0 205761
642.0 206403
643.0 207046
644.0 207690
645.0 208335
646.0 208981
647.0 209628
648.0 210276
649.0 210925
650.0 211575
651.0 212226
652.0 212878
653.0 213531
654.0 214185
655.0 214840
656.0 215496
657.0 216153
658.0 216811
659.0 217470
660.0 218130
661.0 218791
662.0 219453
663.0 220116
664.0 220780
665.0 221445
666.0 222111
667.0 222778
668.0 223446
669.0 224115
670.0 224785
671.0 225456
672.0 226128
673.0 226801
674.0 227475
675.0 228150
676.0 228826
677.0 229503
678.0 230181
679.0 230860
680.0 231540
681.0 232221
682.0 232903
683.0 233586
684.0 234270
685.0 234955
686.0 235641
687.0 236328
688.0 237016
689.0 237705
690.0 238395
691.0 239086
692.0 239778
693.0 240471
694.0 241165
695.0 241860
696.0 242556
697.0 243253
698.0 243951
699.0 244650
700.0 245350
701.0 246051
702.0 246753
703.0 247456
704.0 248160
705.0 248865
706.0 249571
707.0 250278
708.0 250986
709.0 251695
710.0 252405
711.0 253116
712.0 253828
713.0 254541
714.0 255255
715.0 255970
716.0 256686
717.0 257403
718.0 258121
719.0 258840
720.0 259560
721.0 260281
722.0 261003
723.0 261726
724.0 262450
725.0 263175
726.0 263901
727.0 264628
728.0 265356
729.0 266085
730.0 266815
731.0 267546
732.0 268278
733.0 269011
734.0 269745
735.0 270480
736.0 271216
737.0 271953
738.0 272691
739.0 273430
740.0 274170
741.0 274911
742.0 275653
743.0 276396
744.0 277140
745.0 277885
746.0 278631
747.0 279378
748.0 280126
749.0 280875
750.0 281625
751.0 282376
752.0 283128
753.0 283881
754.0 284635
755.0 285390
756.0 286146
757.0 286903
758.0 287661
759.0 288420
760.0 289180
761.0 289941
762.0 290703
763.0 291466
764.0 292230
765.0 292995
766.0 293761
767.0 294528
768.0 295296
769.0 296065
770.0 296835
771.0 297606
772.0 298378
773.0 299151
774.0 299925
775.0 300700
776.0 301476
777.0 302253
778.0 303031
779.0 303810
780.0 304590
781.0 305371
782.0 306153
783.0 306936
784.0 307720
785.0 308505
786.0 309291
787.0 310078
788.0 310866
789.0 311655
790.0 312445
791.0 313236
792.0 314028
793.0 314821
794.0 315615
795.0 316410
796.0 317206
797.0 318003
798.0 318801
799.0 319600
800.0 320400
801.0 321201
802.0 322003
803.0 322806
804.0 323610
805.0 324415
806.0 325221
807.0 326028
808.0 326836
809.0 327645
810.0 328455
811.0 329266
812.0 330078
813.0 330891
814.0 331705
815.0 332520
816.0 333336
817.0 334153
818.0 334971
819.0 335790
820.0 336610
821.0 337431
822.0 338253
823.0 339076
824.0 339900
825.0 340725
826.0 341551
827.0 342378
828.0 343206
829.0 344035
830.0 344865
831.0 345696
832.0 346528
833.0 347361
834.0 348195
835.0 349030
836.0 349866
837.0 350703
838.0 351541
839.0 352380
840.0 353220
841.0 354061
842.0 354903
843.0 355746
844.0 356590
845.0 357435
846.0 358281
847.0 359128
848.0 359976
849.0 360825
850.0 361675
851.0 362526
852.0 363378
853.0 364231
854.0 365085
855.0 365940
856.0 366796
857.0 367653
858.0 368511
859.0 369370
860.0 370230
861.0 371091
862.0 371953
863.0 372816
864.0 373680
865.0 374545
866.0 375411
867.0 376278
868.0 377146
869.0 378015
870.0 378885
871.0 379756
872.0 380628
873.0 381501
874.0 382375
875.0 383250
876.0 384126
877.0 385003
878.0 385881
879.0 386760
880.0 387640
881.0 388521
882.0 389403
883.0 390286
884.0 391170
885.0 392055
886.0 392941
887.0 393828
888.0 394716
889.0 395605
890.0 396495
891.0 397386
892.0 398278
893.0 399171
894.0 400065
895.0 400960
896.0 401856
897.0 402753
898.0 403651
899.0 404550
900.0 405450
901.0 406351
902.0 407253
903.0 408156
904.0 409060
905.0 409965
906.0 410871
907.0 411778
908.0 412686
909.0 413595
910.0 414505
911.0 415416
912.0 416328
913.0 417241
914.0 418155
915.0 419070
916.0 419986
917.0 420903
918.0 421821
919.0 422740
920.0 423660
921.0 424581
922.0 425503
923.0 426426
924.0 427350
925.0 428275
926.0 429201
927.0 430128
928.0 431056
929.0 431985
930.0 432915
931.0 433846
932.0 434778
933.0 435711
934.0 436645
935.0 437580
936.0 438516
937.0 439453
938.0 440391
939.0 441330
940.0 442270
941.0 443211
942.0 444153
943.0 445096
944.0 446040
945.0 446985
946.0 447931
947.0 448878
948.0 449826
949.0 450775
950.0 451725
951.0 452676
952.0 453628
953.0 454581
954.0 455535
955.0 456490
956.0 457446
957.0 458403
958.0 459361
959.0 460320
960.0 461280
961.0 462241
962.0 463203
963.0 464166
964.0 465130
965.0 466095
966.0 467061
967.0 468028
968.0 468996
969.0 469965
970.0 470935
971.0 471906
972.0 472878
973.0 473851
974.0 474825
975.0 475800
976.0 476776
977.0 477753
978.0 478731
979.0 479710
980.0 480690
981.0 481671
982.0 482653
983.0 483636
984.0 484620
985.0 485605
986.0 486591
987.0 487578
988.0 488566
989.0 489555
990.0 490545
991.0 491536
992.0 492528
993.0 493521
994.0 494515
995.0 495510
996.0 496506
997.0 497503
998.0 498501
999.0 499500
1000.0 500500
