0
0
1001
0.0 0
2.004008016032064 1
4.008016032064128 3
6.012024048096192 6
8.016032064128256 10
10.020040080160319 15
12.024048096192384 21
14.028056112224448 28
16.03206412825651 36
18.036072144288575 45
20.040080160320638 55
22.0440881763527 66
24.04809619238477 78
26.052104208416832 91
28.056112224448896 105
30.06012024048096 120
32.06412825651302 136
34.06813627254509 153
36.07214428857715 171
38.07615230460922 190
40.080160320641276 210
42.08416833667334 231
44.0881763527054 253
46.09218436873747 276
48.09619238476954 300
50.1002004008016 325
52.104208416833664 351
54.108216432865724 378
56.11222444889779 406
58.11623246492985 435
60.12024048096192 465
62.12424849699398 496
64.12825651302605 528
66.1322645290581 561
68.13627254509018 595
70.14028056112224 630
72.1442885771543 666
74.14829659318636 703
76.15230460921843 741
78.1563126252505 780
80.16032064128255 820
82.16432865731463 861
84.16833667334669 903
86.17234468937875 946
88.1763527054108 990
90.18036072144288 1035
92.18436873747494 1081
94.188376753507 1128
96.19238476953907 1176
98.19639278557113 1225
100.2004008016032 1275
102.20440881763525 1326
104.20841683366733 1378
106.21242484969939 1431
108.21643286573145 1485
110.22044088176351 1540
112.22444889779558 1596
114.22845691382764 1653
116.2324649298597 1711
118.23647294589178 1770
120.24048096192384 1830
122.2444889779559 1891
124.24849699398796 1953
126.25250501002003 2016
128.2565130260521 2080
130.26052104208415 2145
132.2645290581162 2211
134.26853707414827 2278
136.27254509018036 2346
138.27655310621242 2415
140.28056112224448 2485
142.28456913827654 2556
144.2885771543086 2628
146.29258517034066 2701
148.29659318637272 2775
150.3006012024048 2850
152.30460921843687 2926
154.30861723446893 3003
156.312625250501 3081
158.31663326653305 3160
160.3206412825651 3240
162.32464929859717 3321
164.32865731462925 3403
166.3326653306613 3486
168.33667334669337 3570
170.34068136272543 3655
172.3446893787575 3741
174.34869739478955 3828
176.3527054108216 3916
178.3567134268537 4005
180.36072144288576 4095
182.36472945891782 4186
184.36873747494988 4278
186.37274549098194 4371
188.376753507014 4465
190.38076152304606 4560
192.38476953907815 4656
194.3887775551102 4753
196.39278557114227 4851
198.39679358717433 4950
200.4008016032064 5050
202.40480961923845 5151
204.4088176352705 5253
206.41282565130257 5356
208.41683366733466 5460
210.42084168336672 5565
212.42484969939878 5671
214.42885771543084 5778
216.4328657314629 5886
218.43687374749496 5995
220.44088176352702 6105
222.4448897795591 6216
224.44889779559117 6328
226.45290581162322 6441
228.45691382765528 6555
230.46092184368734 6670
232.4649298597194 6786
234.46893787575146 6903
236.47294589178355 7021
238.4769539078156 7140
240.48096192384767 7260
242.48496993987973 7381
244.4889779559118 7503
246.49298597194385 7626
248.4969939879759 7750
250.501002004008 7875
252.50501002004006 8001
254.50901803607212 8128
256.5130260521042 8256
258.51703406813624 8385
260.5210420841683 8515
262.52505010020036 8646
264.5290581162324 8778
266.5330661322645 8911
268.53707414829654 9045
270.5410821643286 9180
272.5450901803607 9316
274.5490981963928 9453
276.55310621242484 9591
278.5571142284569 9730
280.56112224448896 9870
282.565130260521 10011
284.5691382765531 10153
286.57314629258514 10296
288.5771543086172 10440
290.58116232464926 10585
292.5851703406813 10731
294.5891783567134 10878
296.59318637274544 11026
298.5971943887775 11175
300.6012024048096 11325
302.6052104208417 11476
304.60921843687373 11628
306.6132264529058 11781
308.61723446893785 11935
310.6212424849699 12090
312.625250501002 12246
314.62925851703403 12403
316.6332665330661 12561
318.63727454909815 12720
320.6412825651302 12880
322.64529058116227 13041
324.64929859719433 13203
326.6533066132264 13366
328.6573146292585 13530
330.66132264529057 13695
332.6653306613226 13861
334.6693386773547 14028
336.67334669338675 14196
338.6773547094188 14365
340.68136272545087 14535
342.6853707414829 14706
344.689378757515 14878
346.69338677354705 15051
348.6973947895791 15225
350.70140280561117 15400
352.7054108216432 15576
354.7094188376753 15753
356.7134268537074 15931
358.71743486973946 16110
360.7214428857715 16290
362.7254509018036 16471
364.72945891783564 16653
366.7334669338677 16836
368.73747494989976 17020
370.7414829659318 17205
372.7454909819639 17391
374.74949899799594 17578
376.753507014028 17766
378.75751503006006 17955
380.7615230460921 18145
382.7655310621242 18336
384.7695390781563 18528
386.77354709418836 18721
388.7775551102204 18915
390.7815631262525 19110
392.78557114228454 19306
394.7895791583166 19503
396.79358717434866 19701
398.7975951903807 19900
400.8016032064128 20100
402.80561122244484 20301
404.8096192384769 20503
406.81362725450896 20706
408.817635270541 20910
410.8216432865731 21115
412.82565130260514 21321
414.82965931863725 21528
416.8336673346693 21736
418.8376753507014 21945
420.84168336673343 22155
422.8456913827655 22366
424.84969939879755 22578
426.8537074148296 22791
428.8577154308617 23005
430.86172344689373 23220
432.8657314629258 23436
434.86973947895785 23653
436.8737474949899 23871
438.877755511022 24090
440.88176352705403 24310
442.88577154308615 24531
444.8897795591182 24753
446.89378757515027 24976
448.89779559118233 25200
450.9018036072144 25425
452.90581162324645 25651
454.9098196392785 25878
456.91382765531057 26106
458.91783567134263 26335
460.9218436873747 26565
462.92585170340675 26796
464.9298597194388 27028
466.93386773547087 27261
468.93787575150293 27495
470.94188376753505 27730
472.9458917835671 27966
474.94989979959917 28203
476.9539078156312 28441
478.9579158316633 28680
480.96192384769535 28920
482.9659318637274 29161
484.96993987975947 29403
486.9739478957915 29646
488.9779559118236 29890
490.98196392785565 30135
492.9859719438877 30381
494.98997995991976 30628
496.9939879759518 30876
498.99799599198394 31125
501.002004008016 31375
503.00601202404806 31626
505.0100200400801 31878
507.0140280561122 32131
509.01803607214424 32385
511.0220440881763 32640
513.0260521042084 32896
515.0300601202405 33153
517.0340681362725 33411
519.0380761523046 33670
521.0420841683366 33930
523.0460921843687 34191
525.0501002004007 34453
527.0541082164328 34716
529.0581162324648 34980
531.062124248497 35245
533.066132264529 35511
535.0701402805611 35778
537.0741482965931 36046
539.0781563126252 36315
541.0821643286572 36585
543.0861723446893 36856
545.0901803607214 37128
547.0941883767534 37401
549.0981963927856 37675
551.1022044088176 37950
553.1062124248497 38226
555.1102204408817 38503
557.1142284569138 38781
559.1182364729458 39060
561.1222444889779 39340
563.1262525050099 39621
565.130260521042 39903
567.134268537074 40186
569.1382765531062 40470
571.1422845691383 40755
573.1462925851703 41041
575.1503006012024 41328
577.1543086172344 41616
579.1583166332665 41905
581.1623246492985 42195
583.1663326653306 42486
585.1703406813626 42778
587.1743486973947 43071
589.1783567134268 43365
591.1823647294589 43660
593.1863727454909 43956
595.190380761523 44253
597.194388777555 44551
599.1983967935871 44850
601.2024048096192 45150
603.2064128256512 45451
605.2104208416833 45753
607.2144288577153 46056
609.2184368737475 46360
611.2224448897795 46665
613.2264529058116 46971
615.2304609218436 47278
617.2344689378757 47586
619.2384769539077 47895
621.2424849699398 48205
623.2464929859718 48516
625.250501002004 48828
627.2545090180361 49141
629.2585170340681 49455
631.2625250501002 49770
633.2665330661322 50086
635.2705410821643 50403
637.2745490981963 50721
639.2785571142284 51040
641.2825651302604 51360
643.2865731462925 51681
645.2905811623245 52003
647.2945891783567 52326
649.2985971943887 52650
651.3026052104208 52975
653.3066132264528 53301
655.3106212424849 53628
657.314629258517 53956
659.318637274549 54285
661.3226452905811 54615
663.3266533066131 54946
665.3306613226453 55278
667.3346693386773 55611
669.3386773547094 55945
671.3426853707414 56280
673.3466933867735 56616
675.3507014028055 56953
677.3547094188376 57291
679.3587174348696 57630
681.3627254509017 57970
683.3667334669337 58311
685.3707414829659 58653
687.374749498998 58996
689.37875751503 59340
691.3827655310621 59685
693.3867735470941 60031
695.3907815631262 60378
697.3947895791582 60726
699.3987975951903 61075
701.4028056112223 61425
703.4068136272545 61776
705.4108216432865 62128
707.4148296593186 62481
709.4188376753506 62835
711.4228456913827 63190
713.4268537074148 63546
715.4308617234468 63903
717.4348697394789 64261
719.4388777555109 64620
721.442885771543 64980
723.446893787575 65341
725.4509018036072 65703
727.4549098196392 66066
729.4589178356713 66430
731.4629258517033 66795
733.4669338677354 67161
735.4709418837674 67528
737.4749498997995 67896
739.4789579158315 68265
741.4829659318636 68635
743.4869739478958 69006
745.4909819639278 69378
747.4949899799599 69751
749.4989979959919 70125
751.503006012024 70500
753.507014028056 70876
755.5110220440881 71253
757.5150300601201 71631
759.5190380761522 72010
761.5230460921842 72390
763.5270541082164 72771
765.5310621242484 73153
767.5350701402805 73536
769.5390781563126 73920
771.5430861723446 74305
773.5470941883767 74691
775.5511022044087 75078
777.5551102204408 75466
779.5591182364728 75855
781.563126252505 76245
783.567134268537 76636
785.5711422845691 77028
787.5751503006011 77421
789.5791583166332 77815
791.5831663326652 78210
793.5871743486973 78606
795.5911823647293 79003
797.5951903807614 79401
799.5991983967936 79800
801.6032064128256 80200
803.6072144288577 80601
805.6112224448897 81003
807.6152304609218 81406
809.6192384769538 81810
811.6232464929859 82215
813.6272545090179 82621
815.63126252505 83028
817.635270541082 83436
819.6392785571142 83845
821.6432865731462 84255
823.6472945891783 84666
825.6513026052103 85078
827.6553106212424 85491
829.6593186372745 85905
831.6633266533065 86320
833.6673346693386 86736
835.6713426853706 87153
837.6753507014027 87571
839.6793587174348 87990
841.6833667334669 88410
843.6873747494989 88831
845.691382765531 89253
847.695390781563 89676
849.6993987975951 90100
851.7034068136271 90525
853.7074148296592 90951
855.7114228456913 91378
857.7154308617233 91806
859.7194388777555 92235
861.7234468937875 92665
863.7274549098196 93096
865.7314629258516 93528
867.7354709418837 93961
869.7394789579157 94395
871.7434869739478 94830
873.7474949899798 95266
875.751503006012 95703
877.755511022044 96141
879.7595190380761 96580
881.7635270541081 97020
883.7675350701402 97461
885.7715430861723 97903
887.7755511022043 98346
889.7795591182364 98790
891.7835671342684 99235
893.7875751503005 99681
895.7915831663325 100128
897.7955911823647 100576
899.7995991983967 101025
901.8036072144288 101475
903.8076152304608 101926
905.8116232464929 102378
907.8156312625249 102831
909.819639278557 103285
911.823647294589 103740
913.8276553106211 104196
915.8316633266533 104653
917.8356713426853 105111
919.8396793587174 105570
921.8436873747494 106030
923.8476953907815 106491
925.8517034068135 106953
927.8557114228456 107416
929.8597194388776 107880
931.8637274549097 108345
933.8677354709417 108811
935.8717434869739 109278
937.8757515030059 109746
939.879759519038 110215
941.8837675350701 110685
943.8877755511021 111156
945.8917835671342 111628
947.8957915831662 112101
949.8997995991983 112575
951.9038076152303 113050
953.9078156312625 113526
955.9118236472945 114003
957.9158316633266 114481
959.9198396793586 114960
961.9238476953907 115440
963.9278557114227 115921
965.9318637274548 116403
967.9358717434868 116886
969.9398797595189 117370
971.943887775551 117855
973.947895791583 118341
975.9519038076152 118828
977.9559118236472 119316
979.9599198396793 119805
981.9639278557113 120295
983.9679358717434 120786
985.9719438877754 121278
987.9759519038075 121771
989.9799599198395 122265
991.9839679358716 122760
993.9879759519036 123256
995.9919839679358 123753
997.9959919839679 124251
1000.0 124750
