0
0
1001
1 -1.0
2 -0.998
3 -0.996
4 -0.994
5 -0.992
6 -0.99
7 -0.988
8 -0.986
9 -0.984
10 -0.982
11 -0.98
12 -0.978
13 -0.976
14 -0.974
15 -0.972
16 -0.97
17 -0.968
18 -0.966
19 -0.964
20 -0.962
21 -0.96
22 -0.958
23 -0.956
24 -0.954
25 -0.952
26 -0.95
27 -0.948
28 -0.946
29 -0.944
30 -0.942
31 -0.94
32 -0.938
33 -0.936
34 -0.934
35 -0.932
36 -0.93
37 -0.928
38 -0.926
39 -0.924
40 -0.922
41 -0.92
42 -0.918
43 -0.916
44 -0.914
45 -0.912
46 -0.91
47 -0.908
48 -0.906
49 -0.904
50 -0.902
51 -0.9
52 -0.898
53 -0.896
54 -0.894
55 -0.892
56 -0.89
57 -0.888
58 -0.886
59 -0.884
60 -0.882
61 -0.88
62 -0.878
63 -0.876
64 -0.874
65 -0.872
66 -0.87
67 -0.868
68 -0.866
69 -0.864
70 -0.862
71 -0.86
72 -0.858
73 -0.856
74 -0.854
75 -0.852
76 -0.85
77 -0.848
78 -0.846
79 -0.844
80 -0.842
81 -0.84
82 -0.838
83 -0.836
84 -0.834
85 -0.832
86 -0.83
87 -0.828
88 -0.826
89 -0.824
90 -0.822
91 -0.82
92 -0.818
93 -0.816
94 -0.814
95 -0.812
96 -0.81
97 -0.808
98 -0.806
99 -0.804
100 -0.802
101 -0.8
102 -0.798
103 -0.796
104 -0.794
105 -0.792
106 -0.79
107 -0.788
108 -0.786
109 -0.784
110 -0.782
111 -0.78
112 -0.778
113 -0.776
114 -0.774
115 -0.772
116 -0.77
117 -0.768
118 -0.766
119 -0.764
120 -0.762
121 -0.76
122 -0.758
123 -0.756
124 -0.754
125 -0.752
126 -0.75
127 -0.748
128 -0.746
129 -0.744
130 -0.742
131 -0.74
132 -0.738
133 -0.736
134 -0.734
135 -0.732
136 -0.73
137 -0.728
138 -0.726
139 -0.724
140 -0.722
141 -0.72
142 -0.718
143 -0.716
144 -0.714
145 -0.712
146 -0.71
147 -0.708
148 -0.706
149 -0.704
150 -0.702
151 -0.7
152 -0.698
153 -0.696
154 -0.694
155 -0.692
156 -0.69
157 -0.688
158 -0.686
159 -0.684
160 -0.682
161 -0.68
162 -0.678
163 -0.676
164 -0.674
165 -0.672
166 -0.67
167 -0.668
168 -0.666
169 -0.664
170 -0.662
171 -0.66
172 -0.658
173 -0.656
174 -0.654
175 -0.652
176 -0.65
177 -0.648
178 -0.646
179 -0.644
180 -0.642
181 -0.64
182 -0.638
183 -0.636
184 -0.634
185 -0.632
186 -0.63
187 -0.628
188 -0.626
189 -0.624
190 -0.622
191 -0.62
192 -0.618
193 -0.616
194 -0.614
195 -0.612
196 -0.61
197 -0.608
198 -0.606
199 -0.604
200 -0.602
201 -0.6
202 -0.598
203 -0.596
204 -0.594
205 -0.592
206 -0.59
207 -0.588
208 -0.586
209 -0.584
210 -0.582
211 -0.58
212 -0.578
213 -0.576
214 -0.574
215 -0.572
216 -0.57
217 -0.568
218 -0.566
219 -0.564
220 -0.562
221 -0.56
222 -0.558
223 -0.556
224 -0.554
225 -0.552
226 -0.55
227 -0.548
228 -0.546
229 -0.544
230 -0.542
231 -0.54
232 -0.538
233 -0.536
234 -0.534
235 -0.532
236 -0.53
237 -0.528
238 -0.526
239 -0.524
240 -0.522
241 -0.52
242 -0.518
243 -0.516
244 -0.514
245 -0.512
246 -0.51
247 -0.508
248 -0.506
249 -0.504
250 -0.502
251 -0.5
252 -0.498
253 -0.496
254 -0.494
255 -0.492
256 -0.49
257 -0.488
258 -0.486
259 -0.484
260 -0.482
261 -0.48
262 -0.478
263 -0.476
264 -0.474
265 -0.472
266 -0.47
267 -0.468
268 -0.466
269 -0.464
270 -0.462
271 -0.46
272 -0.458
273 -0.456
274 -0.454
275 -0.452
276 -0.45
277 -0.448
278 -0.446
279 -0.444
280 -0.442
281 -0.44
282 -0.438
283 -0.436
284 -0.434
285 -0.432
286 -0.43
287 -0.428
288 -0.426
289 -0.424
290 -0.422
291 -0.42
292 -0.418
293 -0.416
294 -0.414
295 -0.412
296 -0.41
297 -0.408
298 -0.406
299 -0.404
300 -0.402
301 -0.4
302 -0.398
303 -0.396
304 -0.394
305 -0.392
306 -0.39
307 -0.388
308 -0.386
309 -0.384
310 -0.382
311 -0.38
312 -0.378
313 -0.376
314 -0.374
315 -0.372
316 -0.37
317 -0.368
318 -0.366
319 -0.364
320 -0.362
321 -0.36
322 -0.358
323 -0.356
324 -0.354
325 -0.352
326 -0.35
327 -0.348
328 -0.346
329 -0.344
330 -0.342
331 -0.34
332 -0.338
333 -0.336
334 -0.334
335 -0.332
336 -0.33
337 -0.328
338 -0.326
339 -0.324
340 -0.322
341 -0.32
342 -0.318
343 -0.316
344 -0.314
345 -0.312
346 -0.31
347 -0.308
348 -0.306
349 -0.304
350 -0.302
351 -0.3
352 -0.298
353 -0.296
354 -0.294
355 -0.292
356 -0.29
357 -0.288
358 -0.286
359 -0.284
360 -0.282
361 -0.28
362 -0.278
363 -0.276
364 -0.274
365 -0.272
366 -0.27
367 -0.268
368 -0.266
369 -0.264
370 -0.262
371 -0.26
372 -0.258
373 -0.256
374 -0.254
375 -0.252
376 -0.25
377 -0.248
378 -0.246
379 -0.244
380 -0.242
381 -0.24
382 -0.238
383 -0.236
384 -0.234
385 -0.232
386 -0.23
387 -0.228
388 -0.226
389 -0.224
390 -0.222
391 -0.22
392 -0.218
393 -0.216
394 -0.214
395 -0.212
396 -0.21
397 -0.208
398 -0.206
399 -0.204
400 -0.202
401 -0.2
402 -0.198
403 -0.196
404 -0.194
405 -0.192
406 -0.19
407 -0.188
408 -0.186
409 -0.184
410 -0.182
411 -0.18
412 -0.178
413 -0.176
414 -0.174
415 -0.172
416 -0.17
417 -0.168
418 -0.166
419 -0.164
420 -0.162
421 -0.16
422 -0.158
423 -0.156
424 -0.154
425 -0.152
426 -0.15
427 -0.148
428 -0.146
429 -0.144
430 -0.142
431 -0.14
432 -0.138
433 -0.136
434 -0.134
435 -0.132
436 -0.13
437 -0.128
438 -0.126
439 -0.124
440 -0.122
441 -0.12
442 -0.118
443 -0.116
444 -0.114
445 -0.112
446 -0.11
447 -0.108
448 -0.106
449 -0.104
450 -0.102
451 -0.1
452 -0.098
453 -0.096
454 -0.094
455 -0.092
456 -0.09
457 -0.088
458 -0.086
459 -0.084
460 -0.082
461 -0.08
462 -0.078
463 -0.076
464 -0.074
465 -0.072
466 -0.07
467 -0.068
468 -0.066
469 -0.064
470 -0.062
471 -0.06
472 -0.058
473 -0.056
474 -0.054
475 -0.052
476 -0.05
477 -0.048
478 -0.046
479 -0.044
480 -0.042
481 -0.04
482 -0.038
483 -0.036
484 -0.034
485 -0.032
486 -0.03
487 -0.028
488 -0.026
489 -0.024
490 -0.022
491 -0.02
492 -0.018
493 -0.016
494 -0.014
495 -0.012
496 -0.01
497 -0.008
498 -0.006
499 -0.004
500 -0.002
501 0.0
502 0.002
503 0.004
504 0.006
505 0.008
506 0.01
507 0.012
508 0.014
509 0.016
510 0.018
511 0.02
512 0.022
513 0.024
514 0.026
515 0.028
516 0.03
517 0.032
518 0.034
519 0.036
520 0.038
521 0.04
522 0.042
523 0.044
524 0.046
525 0.048
526 0.05
527 0.052
528 0.054
529 0.056
530 0.058
531 0.06
532 0.062
533 0.064
534 0.066
535 0.068
536 0.07
537 0.072
538 0.074
539 0.076
540 0.078
541 0.08
542 0.082
543 0.084
544 0.086
545 0.088
546 0.09
547 0.092
548 0.094
549 0.096
550 0.098
551 0.1
552 0.102
553 0.104
554 0.106
555 0.108
556 0.11
557 0.112
558 0.114
559 0.116
560 0.118
561 0.12
562 0.122
563 0.124
564 0.126
565 0.128
566 0.13
567 0.132
568 0.134
569 0.136
570 0.138
571 0.14
572 0.142
573 0.144
574 0.146
575 0.148
576 0.15
577 0.152
578 0.154
579 0.156
580 0.158
581 0.16
582 0.162
583 0.164
584 0.166
585 0.168
586 0.17
587 0.172
588 0.174
589 0.176
590 0.178
591 0.18
592 0.182
593 0.184
594 0.186
595 0.188
596 0.19
597 0.192
598 0.194
599 0.196
600 0.198
601 0.2
602 0.202
603 0.204
604 0.206
605 0.208
606 0.21
607 0.212
608 0.214
609 0.216
610 0.218
611 0.22
612 0.222
613 0.224
614 0.226
615 0.228
616 0.23
617 0.232
618 0.234
619 0.236
620 0.238
621 0.24
622 0.242
623 0.244
624 0.246
625 0.248
626 0.25
627 0.252
628 0.254
629 0.256
630 0.258
631 0.26
632 0.262
633 0.264
634 0.266
635 0.268
636 0.27
637 0.272
638 0.274
639 0.276
640 0.278
641 0.28
642 0.282
643 0.284
644 0.286
645 0.288
646 0.29
647 0.292
648 0.294
649 0.296
650 0.298
651 0.3
652 0.302
653 0.304
654 0.306
655 0.308
656 0.31
657 0.312
658 0.314
659 0.316
660 0.318
661 0.32
662 0.322
663 0.324
664 0.326
665 0.328
666 0.33
667 0.332
668 0.334
669 0.336
670 0.338
671 0.34
672 0.342
673 0.344
674 0.346
675 0.348
676 0.35
677 0.352
678 0.354
679 0.356
680 0.358
681 0.36
682 0.362
683 0.364
684 0.366
685 0.368
686 0.37
687 0.372
688 0.374
689 0.376
690 0.378
691 0.38
692 0.382
693 0.384
694 0.386
695 0.388
696 0.39
697 0.392
698 0.394
699 0.396
700 0.398
701 0.4
702 0.402
703 0.404
704 0.406
705 0.408
706 0.41
707 0.412
708 0.414
709 0.416
710 0.418
711 0.42
712 0.422
713 0.424
714 0.426
715 0.428
716 0.43
717 0.432
718 0.434
719 0.436
720 0.438
721 0.44
722 0.442
723 0.444
724 0.446
725 0.448
726 0.45
727 0.452
728 0.454
729 0.456
730 0.458
731 0.46
732 0.462
733 0.464
734 0.466
735 0.468
736 0.47
737 0.472
738 0.474
739 0.476
740 0.478
741 0.48
742 0.482
743 0.484
744 0.486
745 0.488
746 0.49
747 0.492
748 0.494
749 0.496
750 0.498
751 0.5
752 0.502
753 0.504
754 0.506
755 0.508
756 0.51
757 0.512
758 0.514
759 0.516
760 0.518
761 0.52
762 0.522
763 0.524
764 0.526
765 0.528
766 0.53
767 0.532
768 0.534
769 0.536
770 0.538
771 0.54
772 0.542
773 0.544
774 0.546
775 0.548
776 0.55
777 0.552
778 0.554
779 0.556
780 0.558
781 0.56
782 0.562
783 0.564
784 0.566
785 0.568
786 0.57
787 0.572
788 0.574
789 0.576
790 0.578
791 0.58
792 0.582
793 0.584
794 0.586
795 0.588
796 0.59
797 0.592
798 0.594
799 0.596
800 0.598
801 0.6
802 0.602
803 0.604
804 0.606
805 0.608
806 0.61
807 0.612
808 0.614
809 0.616
810 0.618
811 0.62
812 0.622
813 0.624
814 0.626
815 0.628
816 0.63
817 0.632
818 0.634
819 0.636
820 0.638
821 0.64
822 0.642
823 0.644
824 0.646
825 0.648
826 0.65
827 0.652
828 0.654
829 0.656
830 0.658
831 0.66
832 0.662
833 0.664
834 0.666
835 0.668
836 0.67
837 0.672
838 0.674
839 0.676
840 0.678
841 0.68
842 0.682
843 0.684
844 0.686
845 0.688
846 0.69
847 0.692
848 0.694
849 0.696
850 0.698
851 0.7
852 0.702
853 0.704
854 0.706
855 0.708
856 0.71
857 0.712
858 0.714
859 0.716
860 0.718
861 0.72
862 0.722
863 0.724
864 0.726
865 0.728
866 0.73
867 0.732
868 0.734
869 0.736
870 0.738
871 0.74
872 0.742
873 0.744
874 0.746
875 0.748
876 0.75
877 0.752
878 0.754
879 0.756
880 0.758
881 0.76
882 0.762
883 0.764
884 0.766
885 0.768
886 0.77
887 0.772
888 0.774
889 0.776
890 0.778
891 0.78
892 0.782
893 0.784
894 0.786
895 0.788
896 0.79
897 0.792
898 0.794
899 0.796
900 0.798
901 0.8
902 0.802
903 0.804
904 0.806
905 0.808
906 0.81
907 0.812
908 0.814
909 0.816
910 0.818
911 0.82
912 0.822
913 0.824
914 0.826
915 0.828
916 0.83
917 0.832
918 0.834
919 0.836
920 0.838
921 0.84
922 0.842
923 0.844
924 0.846
925 0.848
926 0.85
927 0.852
928 0.854
929 0.856
930 0.858
931 0.86
932 0.862
933 0.864
934 0.866
935 0.868
936 0.87
937 0.872
938 0.874
939 0.876
940 0.878
941 0.88
942 0.882
943 0.884
944 0.886
945 0.888
946 0.89
947 0.892
948 0.894
949 0.896
950 0.898
951 0.9
952 0.902
953 0.904
954 0.906
955 0.908
956 0.91
957 0.912
958 0.914
959 0.916
960 0.918
961 0.92
962 0.922
963 0.924
964 0.926
965 0.928
966 0.93
967 0.932
968 0.934
969 0.936
970 0.938
971 0.94
972 0.942
973 0.944
974 0.946
975 0.948
976 0.95
977 0.952
978 0.954
979 0.956
980 0.958
981 0.96
982 0.962
983 0.964
984 0.966
985 0.968
986 0.97
987 0.972
988 0.974
989 0.976
990 0.978
991 0.98
992 0.982
993 0.984
994 0.986
995 0.988
996 0.99
997 0.992
998 0.994
999 0.996
1000 0.998
1001 1.0
